  0.00
  0.00
  0.00
  0.00
  0.00
  0.00
  0.00
  0.00
  0.00
  0.00
  0.00
  0.00
  0.00
  0.00
  0.00
  0.00
  0.00
  0.00
  0.00
  0.00
  0.00
  0.00
  0.00
  0.00
  0.00

  0.00
  1.90
  3.77
  5.57
  7.27
  8.84
 10.26
 11.50
 12.54
 13.37
 13.97
 14.33
 14.45
 14.33
 13.97
 13.37
 12.54
 11.50
 10.26
  8.84
  7.27
  5.57
  3.77
  1.90
  0.00

  0.00
  3.84
  7.61
 11.24
 14.67
 17.84
 20.70
 23.20
 25.30
 26.96
 28.17
 28.90
 29.15
 28.90
 28.17
 26.96
 25.30
 23.20
 20.70
 17.84
 14.67
 11.24
  7.61
  3.84
  0.00

  0.00
  5.84
 11.58
 17.11
 22.33
 27.16
 31.50
 35.30
 38.49
 41.02
 42.85
 43.96
 44.33
 43.96
 42.85
 41.02
 38.49
 35.30
 31.50
 27.16
 22.33
 17.11
 11.58
  5.84
  0.00

  0.00
  7.95
 15.76
 23.29
 30.39
 36.95
 42.85
 48.01
 52.34
 55.77
 58.25
 59.76
 60.26
 59.76
 58.25
 55.77
 52.34
 48.01
 42.85
 36.95
 30.39
 23.29
 15.76
  7.95
  0.00

  0.00
 10.21
 20.23
 29.88
 38.99
 47.40
 54.96
 61.55
 67.08
 71.47
 74.64
 76.56
 77.20
 76.56
 74.64
 71.47
 67.08
 61.55
 54.96
 47.40
 38.99
 29.88
 20.23
 10.21
  0.00

  0.00
 12.66
 25.08
 37.03
 48.30
 58.69
 68.02
 76.16
 82.98
 88.38
 92.28
 94.64
 95.43
 94.64
 92.28
 88.38
 82.98
 76.16
 68.02
 58.69
 48.30
 37.03
 25.08
 12.66
  0.00

  0.00
 15.34
 30.39
 44.85
 58.48
 71.03
 82.30
 92.10
100.30
106.78
111.47
114.30
115.25
114.30
111.47
106.78
100.30
 92.10
 82.30
 71.03
 58.48
 44.85
 30.39
 15.34
  0.00

  0.00
 18.32
 36.27
 53.52
 69.75
 84.67
 98.03
109.64
119.33
126.98
132.51
135.85
136.96
135.85
132.51
126.98
119.33
109.64
 98.03
 84.67
 69.75
 53.52
 36.27
 18.32
  0.00

  0.00
 21.65
 42.87
 63.22
 82.33
 99.86
115.52
129.10
140.41
149.32
155.74
159.62
160.92
159.62
155.74
149.32
140.41
129.10
115.52
 99.86
 82.33
 63.22
 42.87
 21.65
  0.00

  0.00
 25.43
 50.32
 74.16
 96.49
116.91
135.11
150.82
163.88
174.14
181.53
185.98
187.46
185.98
181.53
174.14
163.88
150.82
135.11
116.91
 96.49
 74.16
 50.32
 25.43
  0.00

  0.00
 29.75
 58.83
 86.61
112.56
136.20
157.17
175.22
190.15
201.85
210.25
215.30
216.99
215.30
210.25
201.85
190.15
175.22
157.17
136.20
112.56
 86.61
 58.83
 29.75
  0.00

  0.00
 34.73
 68.63
100.92
130.93
158.15
182.17
202.73
219.66
232.87
242.32
247.99
249.88
247.99
242.32
232.87
219.66
202.73
182.17
158.15
130.93
100.92
 68.63
 34.73
  0.00

  0.00
 40.55
 80.04
117.49
152.11
183.29
210.63
233.87
252.89
267.66
278.18
284.47
286.57
284.47
278.18
267.66
252.89
233.87
210.63
183.29
152.11
117.49
 80.04
 40.55
  0.00

  0.00
 47.43
 93.48
136.90
176.73
212.29
243.18
269.22
290.38
306.69
318.26
325.15
327.45
325.15
318.26
306.69
290.38
269.22
243.18
212.29
176.73
136.90
 93.48
 47.43
  0.00

  0.00
 55.71
109.55
159.91
205.62
245.96
280.59
309.47
332.71
350.48
363.01
370.45
372.91
370.45
363.01
350.48
332.71
309.47
280.59
245.96
205.62
159.91
109.55
 55.71
  0.00

  0.00
 65.86
129.09
187.56
239.87
285.33
323.77
355.37
380.50
399.53
412.84
420.71
423.32
420.71
412.84
399.53
380.50
355.37
323.77
285.33
239.87
187.56
129.09
 65.86
  0.00

  0.00
 78.63
153.39
221.38
280.99
331.72
373.77
407.76
434.38
454.31
468.13
476.25
478.93
476.25
468.13
454.31
434.38
407.76
373.77
331.72
280.99
221.38
153.39
 78.63
  0.00

  0.00
 95.27
184.47
263.58
331.00
386.77
431.86
467.51
494.94
515.21
529.11
537.23
539.90
537.23
529.11
515.21
494.94
467.51
431.86
386.77
331.00
263.58
184.47
 95.27
  0.00

  0.00
117.99
225.62
317.49
392.64
452.52
499.39
535.48
562.68
582.46
595.89
603.67
606.22
603.67
595.89
582.46
562.68
535.48
499.39
452.52
392.64
317.49
225.62
117.99
  0.00

  0.00
151.07
282.55
388.11
469.55
531.28
577.69
612.33
637.84
656.07
668.31
675.34
677.64
675.34
668.31
656.07
637.84
612.33
577.69
531.28
469.55
388.11
282.55
151.07
  0.00

  0.00
203.75
365.38
482.86
566.18
625.36
667.76
698.32
720.27
735.69
745.92
751.76
753.66
751.76
745.92
735.69
720.27
698.32
667.76
625.36
566.18
482.86
365.38
203.75
  0.00

  0.00
298.56
492.38
611.75
686.96
736.23
769.67
792.93
809.24
820.52
827.91
832.12
833.48
832.12
827.91
820.52
809.24
792.93
769.67
736.23
686.96
611.75
492.38
298.56
  0.00

  0.00
498.09
693.82
784.81
833.67
862.92
881.77
894.48
903.23
909.21
913.11
915.31
916.03
915.31
913.11
909.21
903.23
894.48
881.77
862.92
833.67
784.81
693.82
498.09
  0.00

1000.00
1000.00
1000.00
1000.00
1000.00
1000.00
1000.00
1000.00
1000.00
1000.00
1000.00
1000.00
1000.00
1000.00
1000.00
1000.00
1000.00
1000.00
1000.00
1000.00
1000.00
1000.00
1000.00
1000.00
1000.00

